0.633024   0.0490667
0.690174   0.172156
0.75   0.222902
0.688406   0.284477
0.682823   0.329136
0.642371   0.429797
0.678369   0.536038
0.697362   0.669065
0.75   0.749997
0.648207   0.749998
0.64561   0.611909
0.562508   0.34545
0.533121   0.185957
0.532473   0.245071
0.512056   0.259607
0.480928   0.311575
0.427507   0.310698
0.379222   0.309866
0.335368   0.309108
0.335003   0.30941
0.333218   0.310033
0.330507   0.310535
0.330351   0.310032
0.362846   0.238037
0.384609   0.190607
0.390155   0.178567
0.379716   0.16415
0.36876   0.149013
0.349318   0.147281
-0.210668   0.0482767
-0.750053   -0.0455601
-0.75   -0.0455697
-0.750048   -0.0456041
-0.750213   -0.0458486
-0.750843   -0.748233
-0.750598   -0.748714
-0.750062   -0.749831
-0.749999   -0.749985
-0.75   -0.750002
-0.749966   -0.750015
-0.351178   -0.593037
0.0539926   -0.433541
0.0883399   -0.419956
0.0936895   -0.433546
0.115219   -0.487979
0.219708   -0.751081
0.220808   -0.750261
0.220929   -0.750051
0.220931   -0.750003
0.245177   -0.645927
0.270029   -0.539217
0.295494   -0.429807
0.376454   -0.370223
0.459531   -0.309118
0.48571   -0.222449
0.494868   -0.166259
0.521125   -0.156408
0.527494   -0.129976
0.556591   -0.0775806
0.574293   -0.0381799
