0.5   0.148601
0.5   0.148601
0.5   0.148601
0.5   0.148601
0.5   0.499998
0.5   0.499998
0.5   0.499998
0.5   0.499998
0.5   0.499998
0.5   0.499998
0.5   0.499998
0.432138   0.499998
0.432138   0.499998
0.432138   0.499998
0.432138   0.499998
0.432138   0.499998
0.432138   0.499998
0.432138   0.499998
0.432138   0.499998
0.432138   0.499998
-0.5   -0.0303798
-0.5   -0.0303798
-0.5   -0.0303798
-0.5   -0.0303798
-0.5   -0.0303798
-0.5   -0.0303798
-0.5   -0.0303798
-0.5   -0.0303798
-0.5   -0.0303798
-0.5   -0.0303798
-0.5   -0.0303798
-0.5   -0.0303798
-0.5   -0.0303798
-0.5   -0.500002
-0.5   -0.500002
-0.5   -0.500002
-0.5   -0.500002
-0.5   -0.500002
-0.5   -0.500002
-0.5   -0.500002
-0.5   -0.500002
-0.5   -0.500002
-0.5   -0.500002
-0.5   -0.500002
0.147288   -0.500002
0.147288   -0.500002
0.147288   -0.500002
0.147288   -0.500002
0.147288   -0.500002
0.147288   -0.500002
0.147288   -0.500002
0.147288   -0.500002
0.147288   -0.500002
0.147288   -0.500002
0.306354   -0.206078
0.306354   -0.206078
0.306354   -0.206078
0.382861   -0.0254533
0.5   0.148601
0.5   0.148601
