0.750906   0.221785
0.751068   0.222305
0.750983   0.222837
0.75   0.222902
0.688406   0.284477
0.642371   0.429798
0.750304   0.749162
0.75   0.749998
0.648206   0.749998
0.647895   0.750302
0.647443   0.750596
0.64688   0.750484
0.533121   0.185957
0.480928   0.311575
0.47858   0.314947
0.335369   0.309108
0.333699   0.312711
0.332987   0.312374
0.332466   0.312235
0.332043   0.311848
0.330869   0.311043
0.330507   0.310535
0.330351   0.310032
0.330069   0.309412
0.330129   0.308863
0.329836   0.308411
0.390155   0.178568
0.36876   0.149013
-0.751176   -0.0442633
-0.75126   -0.0447961
-0.751288   -0.0453349
-0.75   -0.0455697
-0.751176   -0.0464064
-0.751036   -0.0469275
-0.750843   -0.748233
-0.750598   -0.748714
-0.750304   -0.749166
-0.749965   -0.749586
-0.75   -0.750002
-0.749164   -0.750306
-0.748712   -0.7506
-0.748231   -0.750845
0.0883399   -0.419955
0.218637   -0.750968
0.21917   -0.751052
0.219708   -0.751081
0.220331   -0.751263
0.220864   -0.751178
0.220931   -0.750002
0.221889   -0.750845
0.222417   -0.750397
0.295494   -0.429807
0.297676   -0.431293
0.459531   -0.309118
0.494867   -0.166259
0.522484   -0.158284
0.521126   -0.156407
0.523237   -0.156994
0.574292   -0.0381799
0.576471   -0.0372458
